15670388091
13907995855
13534958154
18323002652
15797750094
13527175692
13361618898
15076319229
15124554942
13478687868
13898422175
18689902292
15852560229
13999735303
18981639674
15816559039
15931620620
15121306874
13678072546
13919657098
15504563878
15968166809
18665224624
13839292276
18759428197
13975887583
13281694285
18282588289
13312121025
18482217773
15321132007
13841294466
18837457306
13686109278
18695030209
15982510730
13648509650
13211206913
13890167191
13889234372
15905827952
13865563907
18655135671
15362000732
15068554516
15803042540
13530042168
13136525928
15992555567
13893867423
13962155524
13773655992
15869932839
15042167579
15750677204
18757288224
15017673400
18280849320
18097563293
18769324562
13544419010
13570243163
18786691807
18983139951
13980311130
15173568105
17784090968
15880541916
13879365605
13706297865
18475914198
13941222535
18639600898
15183399894
13668215512
13985711600
13980767340
18377162059
13641131898
18858455590
15268522440
18222001268
18320657948
13733038091
18458109510
13803502470
13557265298
15980053899
13542378430
15397675005
13917174774
15283071877
18688184890
15392205989
18806696987
13603735330
15953559093
18054871395
13190761964
13843654893
