18583136657
13671089771
15728442652
15917036237
13379721507
15942897636
15309489198
18057061568
15023823127
15913896368
18051589279
13055969112
13972175578
15930479005
18885201787
13586790521
18355028966
18273339296
13818078952
15206183091
15921234027
13226517001
13656918688
13834563395
15821251783
13679027264
15606718657
15228439818
15861939282
13732452909
15180406704
18509380055
13540880702
18382039854
18918321086
13981805952
15182937005
17817410236
13115345817
18815059703
15816312618
18711667132
13876372748
15895728767
13868830589
13533089957
18982708961
15996968747
15578199612
13825657805
15941207953
13888407909
13500212298
13608082100
13531891514
15261018322
13704614092
18563919037
18877996956
13207862003
18707120647
13615758178
15270297514
13939119931
13044146619
15008880112
15980326999
13617557901
18409837522
15877916330
13679191216
15768538272
13626453111
18007883327
13876540418
13855938017
18258135938
15595585220
13965724808
15237876142
18639177390
15186334541
15181174106
18128598391
18102500369
13597305470
13534858056
15177093008
18770208476
18285081491
13764037912
13815909883
13229865691
18269004871
13387862850
13675813711
15288246652
13966437296
15705691683
13412032283
